6
4 10.0
49.9303 41.1889 -47.1619
135 -28.2
3.47017 36.9536 -65.4124
90.6001 -30.3
-43.5009 36.9536 -50.2847
46.2 -30
-59.943 36.9536 -1.62984
-0.600001 -31.5
3 4.0
-22.7596 22.4876 24.1282
313.2 -18.3
-1.5556 27.7005 44.873
269.701 -22.2
28.3763 27.7005 27.1348
223.801 -24.3
4 6.0
-22.7596 22.4876 24.1282
313.2 -18.3
-15.5024 22.4876 16.4
313.2 -18.3
-3.98317 20.3008 4.13311
313.2 -18.3
8.4011 20.3008 -9.05497
313.2 -20.4
3 5.0
-2.97701 -4.81636 -0.378072
306 -53.1
-11.8138 16.1271 11.66
307.5 -50.1
-22.7596 22.4876 24.1282
313.2 -18.3
3 5.0
-12.1617 -3.45515 -2.91376
357.6 -34.7
-3.13189 -3.45515 14.129
288.6 -32
10.8088 -3.45515 12.6011
222.601 -26.9
3 10.0
-35.8723 -5.42451 -18.9618
384.899 -7.7
-4.21927 -12.8383 9.09773
364.799 13
9.75972 -12.8383 -4.62378
423.899 42.7
