68 93.6
0.5 0.3 0.3 0.1 3
1.5 -0.3 0.3 0.1 5
2.5 -0.3 -0.3 0.1 7
3.5 0.3 -0.3 0.1 10
4.5 0.0 0.0 0.1 10
5.5 0.3 0.3 0.1 3
6.5 -0.3 0.3 0.1 5
7.5 -0.3 -0.3 0.1 7
8.5 0.3 -0.3 0.1 10
9.5 0.0 0.0 0.1 10
10.5 0.3 0.3 0.1 3
11.5 -0.3 0.3 0.1 5
27.85 -0.3 -0.3 0.1 7
28.8256 0.3 -0.3 0.1 10
29.8012 0.0 0.0 0.1 10
30.7768 0.3 0.3 0.1 3
31.7524 -0.3 0.3 0.1 5
32.7280 -0.3 -0.3 0.1 7
33.7036 0.3 -0.3 0.1 10
34.6792 0.0 0.0 0.1 10
35.6548 0.3 0.3 0.1 3
36.6304 -0.3 0.3 0.1 5
37.6060 -0.3 -0.3 0.1 7
38.5817 0.3 -0.3 0.1 10
39.5573 0.0 0.0 0.1 10
40.5329 0.3 0.3 0.1 3
41.5085 -0.3 0.3 0.1 5
42.4841 -0.3 -0.3 0.1 7
43.4597 0.3 -0.3 0.1 10
44.4353 0.0 0.0 0.1 10
45.4109 0.3 0.3 0.1 3
46.3865 -0.3 0.3 0.1 5
47.3621 -0.3 -0.3 0.1 7
48.3378 0.3 -0.3 0.1 10
49.3134 0.0 0.0 0.1 10
50.2890 0.3 0.3 0.1 3
51.2646 -0.3 0.3 0.1 5
52.2402 -0.3 -0.3 0.1 7
53.2158 0.3 -0.3 0.1 10
54.1914 0.0 0.0 0.1 10
55.1670 0.3 0.3 0.1 3
56.1426 -0.3 0.3 0.1 5
57.1182 -0.3 -0.3 0.1 7
58.0939 0.3 -0.3 0.1 10
59.0695 0.0 0.0 0.1 10
60.0451 0.3 0.3 0.1 3
61.0207 -0.3 0.3 0.1 5
61.9963 -0.3 -0.3 0.1 7
62.9719 0.3 -0.3 0.1 10
63.9475 0.0 0.0 0.1 10
64.9231 0.3 0.3 0.1 3
65.8987 -0.3 0.3 0.1 5
66.8743 -0.3 -0.3 0.1 7
67.8500 0.3 -0.3 0.1 10
68.8256 0.0 0.0 0.1 10
69.8012 0.3 0.3 0.1 3
70.7768 -0.3 0.3 0.1 5
71.7524 -0.3 -0.3 0.1 7
72.7280 0.3 -0.3 0.1 10
73.7036 0.0 0.0 0.1 10
74.6792 0.3 0.3 0.1 3
75.6548 -0.3 0.3 0.1 5
76.6304 -0.3 -0.3 0.1 7
77.6060 0.3 -0.3 0.1 10
78.5817 0.0 0.0 0.1 10
79.5573 0.3 0.3 0.1 3
80.5329 -0.3 0.3 0.1 5
81.5085 -0.3 -0.3 0.1 7
